image: Square_1.pgm
resolution: 0.020000
origin: [-25.320000, -20.200000, 0.000000]
negate: 0
occupied_thresh: 0.65
free_thresh: 0.196

